20,3
20,2
20,1
19,3
19,2
19,1
18,3
18,1
14,14
14,6
14,3
14,1
13,3
13,1
12,3
12,2
12,1
11,27
11,26
11,25
11,24
11,23
11,22
11,21
11,20
11,19
11,17
11,15
11,14
11,12
11,10
11,9
11,8
11,7
11,4
11,3
11,2
11,1
10,294
10,291
10,239
10,231
10,219
10,216
10,195
10,187
10,185
10,174
10,162
10,145
10,143
10,133
10,127
10,109
10,97
10,85
10,24
10,16
10,9
10,3
10,2
10,1
9,7
9,6
9,5
9,4
9,3
9,2
9,1
8,17
8,16
8,15
8,14
8,13
8,12
8,10
8,9
8,8
8,7
8,5
8,4
8,3
8,2
8,1
3,3
3,2
3,1
2,3
2,2
2,1
0,640
0,575
0,573
0,568
0,566
0,564
0,563
0,562
0,560
0,558
0,554
0,552
0,551
0,548
0,547
0,546
0,545
0,544
0,543
0,541
0,540
0,536
0,535
0,532
0,531
0,529
0,528
0,499
0,498
0,452
0,425
0,424
0,423
0,422
0,421
0,420
0,419
0,418
0,416
0,413
